,src,lang,text
0,"











Tak Perlu Biaya Mahal, Asma Bisa Diatasi dengan 6 Obat Alami
07 Nov 2019, 14:45 by Bola.net
Bola.net - Asma adalah gangguan paru-paru yang membuat sulit bernapas atau sesak napas. Asma bisa terjadi akibat adanya suatu rangsangan pada aliran udara yang masuk ke paru-paru. Asma bisa dipicu oleh beberapa faktor, seperti alergi, polusi udara, infeksi pernapasan, emosi, kondisi cuaca, atau efek samping beberapa pengobatan.
Sebenarnya pengobatan asma bisa dibantu dengan memakai bahan alami. Penyakit ini tak bisa dibiarkan, karena asma termasuk penyakit akut atau kronis. Mengobati asma dengan dengan cara alami tentu lebih aman ketimbang menggunakan bahan-bahan kimia. Selain aman, pengobatan asma secara alami juga cukup mudah dilakukan tanpa biaya mahal.
Penyakit ini biasanya disebabkan karena peradangan dan penyempitan saluran udara, sehingga terjadilah sesak napas. Kendati sulit disembuhkan, gejala asma bisa diredakan dengan obat tradisional dengan bahan alami yang mudah ditemui di pasaran.
Berikut adalah ragam bahan alami untuk membantu mengatasi asma, seperti dirangkum dari situs Draxe.


",id,"











No Need Expensive Costs, Asthma Can Be Overcome with 6 Natural Remedies
Nov 7 2019, 14:45 by Bola.net
Bola.net - Asthma is a lung disorder that makes breathing difficult or shortness of breath. Asthma can occur due to a stimulus in the flow of air into the lungs. Asthma can be triggered by several factors, such as allergies, air pollution, respiratory infections, emotions, weather conditions, or the side effects of some medications.
Actually asthma treatment can be helped by using natural ingredients. This disease cannot be tolerated, because asthma is an acute or chronic disease. Treating asthma in a natural way is certainly safer than using chemicals. Besides being safe, natural asthma treatment is also quite easy to do without expensive costs.
This disease is usually caused by inflammation and narrowing of the airways, resulting in shortness of breath. Although difficult to cure, asthma symptoms can be relieved by traditional medicines with natural ingredients that are easily found on the market.
Here are a variety of natural ingredients to help deal with asthma, as summarized from the Draxe site.


"
