,src,lang,text
0,"











И на леда е горещо (СНИМКИ)

02 Nov 2019



1/36. И на леда е горещо (СНИМКИ) Гран При турнира по фигурно пързаляне в Гренобъл

Ноември започна със захлаждане, но пък предизвика страсти на леда.Когато роклята ти се скъса, но искаш да си перфектна на леда (ВИДЕО/СНИМКИ)Във френския град Гренобъл се провежда Гран При турнира по фигурно пързаляне. От 1 до 3 ноември най-добрите на леда се състезават за престижната титла.Още една фигуристка на Олимпиадата беше предадена от ...костюма си (СНИМКИ/ВИДЕО)Спортните двойки и индивидуалните шампиони оставят без дъх всеки, който види съчетанията им.Влюбени един в друг и в... леда: Красивата приказка на семейство фигуристи (СНИМКИ)Предлагаме ви да разгледате галерията, чрез която може да се насладите на блестящите им изпълнения.И още:Секси полугол знаменосец на откриването на Олимпиадата (СНИМКИ)Три двойки фигуристи, които не крият любовта си на леда (СНИМКИ)За още любопитни новини и снимки харесайте страницата на Dariknews.bg във Facebook тук NextPrevious
Източник: БГНЕС


",bg,"











And the ice is hot (PHOTOS)

02 Nov 2019



1/36. And it's hot on the ice (PHOTOS) Grand Prix of the figure skating tournament in Grenoble

November started with a chill, but it did spark a passion for the ice. When your dress breaks, but you want to be perfect on the ice (VIDEO / PHOTOS) The Grand Prix of the figure skating tournament takes place in the French city of Grenoble. From November 1 to November 3, the best on ice compete for the prestigious title.Another figure skater was handed over by ... her suit (PHOTOS / VIDEO) Sports couples and individual champions leave everyone breathless who see their combinations. in each other and in ... the ice: The beautiful story of a figure skater family (PHOTOS) We suggest you to browse the gallery through which you can enjoy their brilliant performances.Also: Sexy half naked flag-bearer at the opening of the Olympics (PHOTOS) Three couples skaters who do not hide their love on le and (PHOTOS) For more interesting news and photos Like Dariknews.bg page on Facebook here NextPrevious
Source bgnes


"
