,src,lang,text
0,"











Γέννησε η Βασιλική Μιλλούση

04 Nov 2019, 17:29

H Βασιλική Μιλλούση έγινε μαμά.
Η στιγμή που περίμενε ήρθε και εδώ και λίγη ώρα η πρωταθλήτρια κρατά στα χέρια της το πρώτο της παιδάκι, καρπός του έρωτα της με τον Λευτέρη Πετρούνια.
Η όμορφη Βασιλική, γέννησε με καισαρική πριν λίγη ώρα σε ιδιωτική μαιευτική κλινική. Τόσο η μαμά όσο και η κορούλα της είναι καλά ενώ ο ευτυχής μπαμπάς, Λευτέρης Πετρούνιας βρίσκεται συνεχώς στο πλευρό της.
Πηγή: gossip-tv.gr

σχετικά άρθρα












",el,"











Birth of Basilica Miloussi

04 Nov 2019, 17:29

Vassiliki Millousi became a mom.
The waiting time has come and for a while the champion holds in her hands her first little child, the fruit of her love with Lefteris Petrounia.
The beautiful Basilica gave birth to a caesarean section a short time ago at a private midwifery clinic. Both her mom and her daughter are fine while happy daddy Lefteris Petrounias is always by her side.
Source: gossip-tv.gr

Relevant Articles












"
