,src,lang,text
0,"











С заботой о Котэ
04 Nov 2019, 15:12 by Postojannaya_Junga





",ru,"











Caring for Kote
04 Nov 2019, 15:12 by Postojannaya_Junga





"
