,src,lang,text
0,"











Spesifikasi Kunci Samsung Galaxy A90s Terungkap, Seperti Apa?
04 Nov 2019, 02:44 by Mansur
3 Spesifikasi Kunci Samsung Galaxy A90s
Oketekno – Pada tahun ini Samsung memang melakukan akselerasi yang luar biasa, setelah meluncurkan Galaxy A80 dengan perubahan desain yang besar, ternyata perusahaan asal Korea Selatan itu punya kejutan lagi melalui Samsung Galaxy A90 yang menawarkan koneksi 5G.
Dalam kelas HP Samsung, Galaxy A90 menjadi Smartphone 5G paling murah yang ditawarkan. Dikarenakan ketiga ponsel lainnya sama-sama menyasak segmen Premium, diantaranya yakni seperti Galaxy S10+ 5G, Galaxy Note 10 5G, dan Galaxy Fold.

Simak Nih: Redmi Note 8 Pro Vs Samsung Galaxy M30s, Duel Raja Kamera dan Baterai

Beberapa waktu terakhir ini ada bocoran informasi yang mengungkap kalau bakalan ada suksesornya, yakni Samsung Galaxy A90s. Bahkan sebagian spesifikasi kuncinya sendiri sudah mulai terungkap, mulai dari dukungan jaringan, baterai, hingga kapasitas penyimpanan yang bakal ditawarkan oleh Samsung pada ponsel terbarunya itu.


Copyright ©Pocket-lint

Disebutkan kalau Samsung Galaxy A90s ini nantinya akan menggunakan kode (SM-A907F). Melansir dari SafetyKorea, vendor asal Korea Selatan ini akan hadir dengan dukungan jaringan 5G kembali. Sedangkan untuk daya, akan didukung oleh baterai berkapasitas 4.200 mAh. Sedikit lebih kecil jika dibandingkan dengan Galaxy A90.
Kemudian untuk kapasitas penyimpanan internal yang bakal tertanamkan pada Galaxy A90s yakni seluas 128GB. Selain itu, masih belum ada banyak informasi yang mengungkap tentang spesifikasi dari Smartphone 5G baru dari Samsung tersebut. Mengingat berbagai macam suksesor dari model lain seperti Galaxy A50s misalnya. Galaxy A90s besar kemungkinan bakal rilis tahun ini juga, entah di akhir November atau pada bulan Desember 2019 mendatang.
Seperti yang kita ketahui bahwa pada tahun 2019 ini Samsung begitu aktif untuk meluncurkan Smartphone terbarunya, terutama di Galaxy A series. Mulai dari Samsung Galaxy A10 dan Samsung Galaxy A90 diluncurkan dalam waktu setahun, dan ada suksesor di kelas masing-masing dengan penambahan huruf “s” di bagian paling belakang nama pasarnya.
baca juga: Sederet HP Samsung Ini Lagi Diskon Jutaan Rupiah, Cek Daftarnya Disini!


",id,"











Key Specifications for Samsung Galaxy A90s Revealed, Like What?
Nov 04 2019, 02:44 by Mansur
3 Key Specifications of Samsung Galaxy A90s
Oketekno - This year Samsung has indeed made an extraordinary acceleration, after launching the Galaxy A80 with major design changes, it turns out that the South Korean company has another surprise through the Samsung Galaxy A90 which offers a 5G connection.
In the Samsung mobile class, the Galaxy A90 becomes the cheapest 5G Smartphone offered. Because the other three phones are equally promising in the Premium segment, such as the Galaxy S10 + 5G, Galaxy Note 10 5G, and Galaxy Fold.

Check out: Redmi Note 8 Pro Vs Samsung Galaxy M30s, Duel King Camera and Battery

Some time ago there was a leak of information that revealed that there would be successors, namely the Samsung Galaxy A90s. Even some of the key specifications themselves have begun to be revealed, ranging from network support, batteries, to the storage capacity that will be offered by Samsung on the latest cellphones.


Copyright © Pocket-lint

It was stated that the Samsung Galaxy A90s would later use a code (SM-A907F). Launching from SafetyKorea, the South Korean vendor will be present with the support of the 5G network again. As for power, it will be supported by a 4,200 mAh battery capacity. Slightly smaller when compared to the Galaxy A90.
Then for the internal storage capacity that will be embedded in the Galaxy A90s which is 128GB. In addition, there is still not much information that reveals the specifications of the new Samsung 5G Smartphone. Given the various successors of other models such as the Galaxy A50s for example. Galaxy A90s will most likely be released this year, either in late November or in December 2019.
As we know that in 2019 Samsung is very active in launching its newest Smartphone, especially in the Galaxy A series. Starting from the Samsung Galaxy A10 and Samsung Galaxy A90, it was launched within a year, and there were successors in each class with the addition of the letter ""s"" at the very back of the market name.
Also read: A Row of Samsung Cellphones Again Million Rupiah Discounts, Check the List Here!


"
