,src,lang,text
0,"











आजचे राशीभविष्य 6 नोव्हेंबर 2019
कसा असेल तुमचा आजचा दिवस, जाणून घ्या
06 Nov 2019, 01:33 by ऑनलाइन लोकमत
मेष -  श्रीगणेश सांगतात की आजचा दिवस समाजकार्य आणि मित्रांसोबत धावपळीत जाईळ. त्यांच्यासाठी खर्च करावा लागेल. सरकारी कामात मात्र यश मिळेल. वडीलधारे आणि आदरणीय व्यक्तींची भेट होईल. आणखी वाचा
वृषभ - श्रीगणेश कृपेने आपण नवे काम सुरू करू शकाल. नोकरदारांना आजचा दिवस शुभ आहे. नोकरीत पदोन्नती आणि उत्पन्न वाढीच्या वार्ता मिळतील. सरकारकडून लाभ मिळेल. सांसारिक जीवनात सुख- शांती मिळेल. आणखी वाचा 
मिथुन - आज दिवसभरात थोडया प्रतिकूलतेला तोंड द्यावे लागेल असे श्रीगणेश सांगतात. शरीरात उत्साहाचा अभाव राहील. त्यामुळे नियोजित काम पूर्ण होणार नाही. मानसिक चिंता राहील. आणखी वाचा
कर्क - संताप आणि नकारात्मक विचार मानसिक स्वास्थ्य हरवून टाकतील. त्यामुळे आज संयम राखणे आवश्यक आहे. खाण्या- पिण्याकडे लक्ष दिले नाही तर तब्बेत नक्कीच बिघडेल. आणखी वाचा
सिंह - श्रीगणेश सांगतात की आज आपल्या दांपत्य जीवनात किरकोळ गोष्टीवरून जोडीदाराशी मतभेद होण्याची शक्यता आहे. पति- पत्नी दोधांपैकी एकाची तब्बेत बिघडण्याची शक्यता आहे. परिणामतः प्रापंचिक गोष्टीपासून मन अलिप्त होईल. आणखी वाचा
कन्या - आज प्रत्येक गोष्ट अनुकूल राहील. घरात सुख- शांती नांदेल. त्यामुळे मन प्रसन्न राहील. सुखदायक घटना घडतील. तब्बेत चांगली राहील. आजारी व्यक्तीच्या तब्बेतीत सुधारणा होईल. आर्थिक लाभ होतील. आणखी वाचा 
तूळ - बौद्धिक कामे आणि चर्चा यांत अग्रस्थानी राहाल. आपली कल्पनाशक्ती आणि सृजनशक्ती यांतील प्रगती समाधान देईल. विनाकारण वादविवाद आणि चर्चेत न पडण्याचा सल्ला श्रीगणेश देतात. आणखी वाचा
वृश्चिक - शारीरिक आणि मानसिक स्वास्थ्य जाणवेल. वडीलधार्‍यांशी पटणार नाही त्यामुळे मनाला वेदना होतील. आईची तब्बेत बिघडू शकते. आर्थिक नुकसान व सार्वजनिक क्षेत्रात मानहानी होईल. आणखी वाचा
धनु - गूढ रहस्यमय विद्या, अध्यात्माचा आपणावर विशेष प्रभाव राहील. त्याचा अभ्यास आणि संशोधन यांत गोडी राहील. मन शांत आणि प्रसन्न राहील. भावंडांशी सुसंवाद साधाल. आणखी वाचा
मकर - श्रीगणेश सांगतात की संयमित बोलणे आपणाला अनेक संकटातून वाचवेल. म्हणून विचारपूर्वक बोला. कुटुंबातील सदस्यांशी गैरसमज झाल्याने मनसिक अस्वास्थ्य जाणवेल. तब्बेतीकडे लक्ष द्यावे लागेल. आणखी वाचा
कुंभ - शारीरिक आणि मानसिक स्वास्थ्य आणि उत्साहपूर्ण दिवसाचे संकेत श्रीगणेश देतात. आर्थिक दृष्ट्या लाभदायक दिवस. आप्तेष्ट आणि मित्र यांच्यासह रुचकर आणि स्वादिष्ट भोजनाचा आस्वाद घ्याल. आणखी वाचा
मीन - आज आपल्या मनाची एकाग्रता राहील असे श्रीगणेश सांगतात. त्यामुळे मानसिक व्यग्रता राहील. धार्मिक कार्यावर खर्च होईल. स्वकीयांपासून दूर जावे लागेल. कोर्ट- कचेरीच्या कामात किंवा एखाद्याला जामीन राहण्याच्या बाबतीत खूप सावधपणे वागा असे श्रीगणेश सांगतात. आणखी वाचा


",mr,"











Today's Horoscope 6 November 2019
Whatever your day is, know
06 Nov 2019, 01:33 by Online Lokmat
Aries - Sriganesh says that today is a day filled with social work and friends. They have to spend. Only government work will be successful. Elders and respected individuals will meet. Read More
Taurus - With the grace of Sriganesh, you can start a new work. Happy today to the servants. Jobs will get promotion and income growth talks. Will benefit from the government. There will be happiness in worldly life. Read More
Gemini - Today, a few adversities are encountered throughout the day. The body will lack enthusiasm. Therefore, the planned work will not be completed. Mental anxiety will remain. Read More
Cancer - Anger and negative thoughts will cause mental health. Therefore, today it is necessary to exercise restraint. If you do not pay attention to eating and drinking, then your health will definitely deteriorate. Read More
Lion - Sriganesh says that today there is a possibility that marriage is at odds with the minor in our marriage. There is a possibility that one of the spouses may lose control of the spouse. As a result, the mind will become alienated from the material. Read More
Virgo - Everything will be favorable today. Happiness in the home will bring peace. So the mind will be happy. Soothing events will occur. It will be good. The health of the sick person will improve. There will be financial benefits. Read More
You will be at the forefront of intellectual work and discussions. The progress of your imagination and creativity will give satisfaction. Srinagarsh advises that without any debate or discussion. Read More
Scorpio - will feel physical and mental health. It won't hurt the elders and it will hurt the mind. Mother's condition can worsen. There will be financial loss and humiliation in the public sector. Read More
Sagittarius - Mysterious Mystery, Spirituality will have a special effect on us. His study and research will be interesting. The mind will remain calm and happy. Will communicate with your siblings. Read More
Capricorn - Shriganesh says that speaking in moderation will save you from many problems. So think carefully. Mental health may be felt as a result of misunderstandings with family members. There is a need for attention. Read More
Aquarius - The sign of physical and mental health and exciting day is given by Sriganesh. Financially Profitable Day. Enjoy delicious and delicious dinners with friends and family. Read More
Pisces - Today, your mind will remain in focus. So there will be mental disturbance. Religious work will be spent. You have to get away from the selfies. The court-said that he should be very cautious in the work of the court or in the case of bail. Read More


"
