,src,lang,text
0,"











Formas en las que puedes quedar embarazada sin penetración

07 Nov 2019, 18:15


Para quedar embarazada no es necesario que haya penetración, por ello es que aquí te mostramos las diferentes formas en las que puedes quedar embarazada.



Te mostramos las cinco maneras en las que puedes quedar embarazada sin penetración.Fuente: Pixibay

Si es que creías que la única manera de quedar embarazada era cuando el hombre penetra el pene en la vagina estás completamente equivocada.
Y es que no es necesario que una mujer sea penetrada para que el esperma fertilice un óvulo sino que también hay otros factores como condiciones apropiadas, buena salud y ciclos hormonales. Por ello, es que aquí te mostramos 5 formas en las que puedes quedar embarazada sin penetración.
Eyaculación superficial:
Esto puede suceder si es que el hombre eyacula cerca de la vulva, es decir en el abdomen, pubis o el ano, ya que el semen puede viajar hacia la cavidad vaginal, lo cual puede culminar en un embarazo. Recuerda que en una sola eyaculación hay millones de espermas y sólo se necesita uno para quedar embarazada.

Noticia Relacionada




Puedes quedar embarazada si el hombre toca el semen y luego la vulva.Fuente: Pixibay

Si el hombre toca el semen y luego la vulva:
Puede que el hombre eyacule en su mano pero si es que luego de ello te toca la vulva también puede entrar algún esperma a la vulva para buscar al óvulo y fertilizarlo.
Tener sexo con ropa:
Si es que pensabas que así no podías quedar embarazada te equivocas. Y es que el semen se puede filtrar por la abertura de la ropa interior de la mujer y así puede llegar el esperma a la vagina.
En los juegos previos:
Esta es otra de las formas en que puedes quedar embarazada fácilmente, ya que en los juegos previos si bien el hombre no eyacula puede derramar un líquido preseminal, en la que hay algunos espermatozoides que pueden fertilizar algunos óvulos.

Noticia Relacionada




",es,"











Ways you can get pregnant without penetration

07 Nov 2019, 18:15


To get pregnant it is not necessary that there is penetration, so here we show you the different ways in which you can get pregnant.



We show you the five ways you can get pregnant without penetration. Source: Pixibay

If you thought that the only way to get pregnant was when the man penetrates the penis into the vagina you are completely wrong.
And it is not necessary for a woman to be penetrated for the sperm to fertilize an egg, but there are also other factors such as appropriate conditions, good health and hormonal cycles. Therefore, here we show you 5 ways in which you can get pregnant without penetration.
Superficial Ejaculation:
This can happen if the man ejaculates near the vulva, that is, in the abdomen, pubis or anus, since semen can travel to the vaginal cavity, which can culminate in pregnancy. Remember that in a single ejaculation there are millions of sperm and only one is needed to get pregnant.

Related News




You can get pregnant if the man touches the semen and then the vulva. Source: Pixibay

If the man touches the semen and then the vulva:
The man may ejaculate in his hand but if after that he touches the vulva, a sperm can also enter the vulva to look for the egg and fertilize it.
Having sex with clothes:
If you thought you couldn't get pregnant like that, you're wrong. And it is that semen can be filtered through the opening of women's underwear and so sperm can reach the vagina.
In the previous games:
This is another way you can get pregnant easily, since in the previous games although the man does not ejaculate, he can spill a pre-seminal fluid, in which there are some sperm that can fertilize some eggs.

Related News




"
