,src,lang,text
0,"











Prepara un exquisito hígado encebollado, ideal para combatir la anemia
Disfruta de un jugoso hígado encebollado y aprovecha todos sus nutrientes, te dejamos una receta súper sencilla de preparar.
07 Nov 2019, 11:26 by Rocío Benavides
El hígado es un alimento al alcance del bolsillo y súper sencillo de cocinar, posee grandes beneficios y nosotras te decimos el paso a paso de su preparación.



Gracias a su alto contenido en hierro, ayuda a nivelar estos niveles especialmente en personas que padecen anemia. La vitamina A que contiene ayuda a mejorar el aspecto de la piel, además de ser un buen antioxidante, contribuye con la buena visión.
Si estás embarazada, comer hígado resulta una buena opción ya que el ácido fólico que contiene ayuda a una correcta división celular del feto. Debes recordar que se debe comer en cantidades mínimas y no tan seguido ya que podría ser contraproducente.




(Foto: Semana)

En las siguientes líneas te vamos a enseñar la manera más sencilla de preparar un exquisito hígado encebollado, atenta y toma nota.
Porciones
4 porciones
Ingredientes
1 cucharadita de ajo molido6 filetes de hígado de res1 cucharadita de ají panca molidoSal, pimienta y cominoAceite vegetal

Encebollado

1 ají amarillo en tiras delgadas2 cebollas en tiras delgadas2 cucharadas de sillao2 tomates en tiras delgadas sin pepas1 cucharada de azúcar1 cucharada de vinagre tinto2 cucharadas de culantro picado1 cucharadita de orégano seco
Preparación
1. Condimentamos el hígado con el ajo, el ají panca, la pimienta y la sal.
2. En una sartén con aceite bien caliente cocinamos los filetes de hígado a fuego muy alto. Freímos tres minutos por cada lado y reservamos,

Preparación del encebollado

3. En la misma sartén, doramos la cebolla junto a los tomates y el ají amarillo. Salteamos.
4. Echamos los condimentos (sillao y vinagre), agregamos el azúcar y probamos la sazón.
5. Añadimos el orégano seco junto al culantro picado
6. Servimos de manera inmediata el hígado junto al encebollado.
7. Se pueden acompañar con arroz blanco, yucas o papas sancochadas.
Tiempo de preparación
1 hora

Te puede interesar








",es,"











Prepare an exquisite onions liver, ideal to fight anemia
Enjoy a juicy onions liver and take advantage of all its nutrients, we leave you a super simple recipe to prepare.
07 Nov 2019, 11:26 by Rocío Benavides
The liver is a food within reach of the pocket and super simple to cook, it has great benefits and we tell you the step by step of its preparation.



Thanks to its high iron content, it helps level these levels especially in people suffering from anemia. The vitamin A it contains helps improve the appearance of the skin, in addition to being a good antioxidant, it contributes to good vision.
If you are pregnant, eating liver is a good option since the folic acid it contains helps in proper cell division of the fetus. You should remember that you should eat in minimal quantities and not as often as it could be counterproductive.




(Photo: Week)

In the following lines we are going to show you the easiest way to prepare an exquisite onions liver, attentive and take note.
Portions
4 portions
Ingredients
1 teaspoon ground garlic 6 beef liver fillets 1 teaspoon ground chili pepper Salt, pepper and cumin Vegetable oil

Fish soup with onions

1 yellow pepper in thin strips 2 onions in thin strips 2 tablespoons of Sillao 2 tomatoes in thin strips without potatoes 1 tablespoon of sugar 1 tablespoon of red vinegar 2 tablespoons of chopped coriander 1 teaspoon of dried oregano
Preparation
1. Season the liver with garlic, hot pepper, pepper and salt.
2. In a pan with hot oil, cook the liver fillets over high heat. We fry three minutes on each side and reserve,

Preparation of onions

3. In the same pan, brown the onion next to the tomatoes and the yellow pepper. Let's skip
4. Pour the seasonings (Sillao and Vinegar), add the sugar and taste the seasoning.
5. Add the dried oregano next to the chopped coriander
6. We serve the liver immediately with the onion.
7. They can be accompanied with white rice, cassava or boiled potatoes.
Preparation time
1 hour

It may interest you








"
