,src,lang,text
0,"











Million Day 1 novembre 2019: i numeri vincenti estratti oggi
01 Nov 2019, 18:08 by Redazione



Million Day 1 novembre 2019, torna l’appuntamento con il concorso che regala ai fortunati vincitori ricchi premi. Scopriamo allora se la dea bendata avrà “scelto” un nuovo fortunato milionario. Il concorso a premi giornaliero targato Lottomatica, lo ricordiamo, permette di vincere fino ad 1 milione di euro.
Ad oggi sono 81 i milionari premiati. L’ultima vincita risale a martedì 29 ottobre 2019, quando un giocatore di Ragusa si è aggiudicato l’ambitissimo premio.
Come ogni giorno il concorso si svolge alle ore 19 qui potrete seguire in tempo reale l’estrazione dei cinque numeri estratti. Il gioco si basa sull’estrazione di 5 numeri da 1 a 55. Si vince anche con 4, 3 o 2 numeri estratti. 
 Million Day oggi, venerdì 1 novembre 2019, ecco i numeri vincenti Ecco i numeri vincenti di questa sera:21 – 28 – 40 – 44 -53   

Articoli correlati









",it,"











Million Day November 1, 2019: the winning numbers drawn today
01 Nov 2019, 18:08 by Redazione



Million Day 1 November 2019, the appointment with the competition that gives the lucky winners rich prizes returns. Let's find out if the blindfolded goddess has ""chosen"" a new lucky millionaire. Let us recall that the daily prize contest by Lottomatica allows us to win up to 1 million euros.
To date, 81 millionaires have been awarded. The last win dates back to Tuesday, October 29, 2019, when a player from Ragusa won the coveted prize.
As every day the competition takes place at 7 pm here you can follow in real time the extraction of the five numbers drawn. The game is based on the extraction of 5 numbers from 1 to 55. You also win with 4, 3 or 2 numbers drawn.
Million Day today, Friday 1 November 2019, here are the winning numbers Here are the winning numbers this evening: 21 - 28 - 40 - 44 -53

Related articles









"
